##FastQC	0.11.7
>>Basic Statistics	pass
#Measure	Value
Filename	reads1.fastq
File type	Conventional base calls
Encoding	Illumina 1.5
Total Sequences	25000
Sequences flagged as poor quality	0
Sequence length	100
%GC	68
>>END_MODULE
>>Per base sequence quality	fail
#Base	Mean	Median	Lower Quartile	Upper Quartile	10th Percentile	90th Percentile
1	31.74452	34.0	31.0	34.0	28.0	34.0
2	31.96968	34.0	31.0	34.0	28.0	34.0
3	31.9574	34.0	31.0	34.0	28.0	34.0
4	35.35972	37.0	35.0	37.0	32.0	37.0
5	34.91128	37.0	35.0	37.0	32.0	37.0
6	34.7246	37.0	35.0	37.0	31.0	37.0
7	34.49536	37.0	35.0	37.0	31.0	37.0
8	34.38544	37.0	35.0	37.0	31.0	37.0
9	35.81948	39.0	37.0	39.0	31.0	39.0
10-11	35.58162	39.0	37.0	39.0	30.0	39.0
12-13	35.28184	39.0	37.0	39.0	30.0	39.0
14-15	36.39042	40.0	38.0	41.0	29.0	41.0
16-17	36.00492	40.0	37.0	41.0	27.0	41.0
18-19	35.67538	40.0	36.5	41.0	25.5	41.0
20-21	35.3581	40.0	36.0	41.0	24.5	41.0
22-23	34.81548	39.5	35.0	41.0	22.0	41.0
24-25	34.581500000000005	39.0	35.0	41.0	20.5	41.0
26-27	34.07624	39.0	33.5	41.0	15.0	41.0
28-29	33.20906	38.0	32.5	40.0	7.0	41.0
30-31	32.92774	38.0	33.0	40.0	2.0	41.0
32-33	32.2212	37.0	32.0	40.0	2.0	41.0
34-35	31.41594	35.5	31.5	40.0	2.0	41.0
36-37	30.67734	35.0	30.5	39.0	2.0	41.0
38-39	29.97138	35.0	30.0	38.5	2.0	41.0
40-41	28.8538	35.0	26.5	37.0	2.0	40.0
42-43	28.57918	35.0	26.0	36.0	2.0	39.5
44-45	27.9898	34.0	24.5	35.0	2.0	39.0
46-47	27.52676	34.0	23.5	35.0	2.0	37.5
48-49	26.9572	33.0	23.0	35.0	2.0	37.0
50-51	26.555059999999997	33.0	22.5	35.0	2.0	36.0
52-53	26.07992	33.0	20.0	35.0	2.0	35.0
54-55	25.591920000000002	33.0	20.0	35.0	2.0	35.0
56-57	25.03424	33.0	17.5	35.0	2.0	35.0
58-59	24.64282	33.0	15.0	35.0	2.0	35.0
60-61	24.29872	32.5	9.5	35.0	2.0	35.0
62-63	23.856900000000003	32.0	3.5	35.0	2.0	35.0
64-65	23.317120000000003	31.0	2.0	35.0	2.0	35.0
66-67	22.943939999999998	31.0	2.0	35.0	2.0	35.0
68-69	22.33956	30.0	2.0	34.0	2.0	35.0
70-71	21.94416	29.0	2.0	34.0	2.0	35.0
72-73	21.52356	29.0	2.0	34.0	2.0	35.0
74-75	21.03026	28.0	2.0	33.5	2.0	35.0
76-77	20.38848	27.0	2.0	33.0	2.0	35.0
78-79	20.44222	27.0	2.0	33.0	2.0	35.0
80-81	20.02636	27.0	2.0	33.0	2.0	35.0
82-83	19.65456	27.0	2.0	33.0	2.0	35.0
84-85	19.20214	24.5	2.0	33.0	2.0	35.0
86-87	18.83616	24.0	2.0	33.0	2.0	35.0
88-89	18.22914	23.5	2.0	33.0	2.0	35.0
90-91	17.599980000000002	21.5	2.0	33.0	2.0	35.0
92-93	16.81874	18.0	2.0	33.0	2.0	35.0
94-95	15.837420000000002	4.5	2.0	32.5	2.0	35.0
96-97	14.76854	2.0	2.0	31.0	2.0	34.0
98-99	13.63074	2.0	2.0	31.0	2.0	34.0
100	10.86516	2.0	2.0	24.0	2.0	31.0
>>END_MODULE
>>Per tile sequence quality	pass
#Tile	Base	Mean
1101	1	0.0
1101	2	0.0
1101	3	0.0
1101	4	0.0
1101	5	0.0
1101	6	0.0
1101	7	0.0
1101	8	0.0
1101	9	0.0
1101	10-11	0.0
1101	12-13	0.0
1101	14-15	0.0
1101	16-17	0.0
1101	18-19	0.0
1101	20-21	0.0
1101	22-23	0.0
1101	24-25	0.0
1101	26-27	0.0
1101	28-29	0.0
1101	30-31	0.0
1101	32-33	0.0
1101	34-35	0.0
1101	36-37	0.0
1101	38-39	0.0
1101	40-41	0.0
1101	42-43	0.0
1101	44-45	0.0
1101	46-47	0.0
1101	48-49	0.0
1101	50-51	0.0
1101	52-53	0.0
1101	54-55	0.0
1101	56-57	0.0
1101	58-59	0.0
1101	60-61	0.0
1101	62-63	0.0
1101	64-65	0.0
1101	66-67	0.0
1101	68-69	0.0
1101	70-71	0.0
1101	72-73	0.0
1101	74-75	0.0
1101	76-77	0.0
1101	78-79	0.0
1101	80-81	0.0
1101	82-83	0.0
1101	84-85	0.0
1101	86-87	0.0
1101	88-89	0.0
1101	90-91	0.0
1101	92-93	0.0
1101	94-95	0.0
1101	96-97	0.0
1101	98-99	0.0
1101	100	0.0
>>END_MODULE
>>Per sequence quality scores	pass
#Quality	Count
2	328.0
3	718.0
4	264.0
5	193.0
6	241.0
7	234.0
8	272.0
9	294.0
10	280.0
11	305.0
12	379.0
13	314.0
14	304.0
15	329.0
16	356.0
17	348.0
18	331.0
19	408.0
20	420.0
21	481.0
22	454.0
23	535.0
24	515.0
25	622.0
26	636.0
27	697.0
28	761.0
29	933.0
30	1092.0
31	1208.0
32	1413.0
33	1807.0
34	2398.0
35	2814.0
36	1846.0
37	430.0
38	38.0
39	2.0
>>END_MODULE
>>Per base sequence content	pass
#Base	G	A	T	C
1	37.972	18.352	10.54	33.135999999999996
2	34.504000000000005	21.852	18.052	25.592
3	27.888462153944634	17.510801728276522	19.591134581533044	35.009601536245796
4	33.876	16.98	17.291999999999998	31.852000000000004
5	32.80408278990644	17.793349264854793	17.898659321965248	31.503908623273524
6	32.03048581675905	16.481904140854255	15.846103684382133	35.64150635800456
7	35.740915236183376	16.551272071776804	16.334139047072803	31.37367364496702
8	30.09397956252308	17.10510116140682	18.660483440719005	34.14043583535109
9	33.92460284797102	15.593876039180179	16.41698905259692	34.06453206025187
10-11	33.77555862751976	16.58241690222213	16.36164813171849	33.280376338539625
12-13	34.1638189914052	15.920057989023507	16.031893962928446	33.88422905664285
14-15	33.28857396657508	16.613299729377985	16.629826264796414	33.46830003925052
16-17	33.85510942899457	16.412292249465196	16.017360539740004	33.71523778180023
18-19	34.424915201973484	15.857744886422037	15.63778394490698	34.0795559666975
20-21	33.290338431300285	16.56122678787134	16.44862109207051	33.69981368875786
22-23	33.856054743187656	16.427029448902285	16.290578795161093	33.42633701274897
24-25	34.202575281354555	15.82885531785461	15.887660955084659	34.08090844570618
26-27	33.61067249686222	16.280011336491356	16.251670108101543	33.85764605854488
28-29	34.105683601312386	16.227507081575677	16.095045953822012	33.571763363289925
30-31	34.885200155939025	15.661612327389868	15.47489586966781	33.9782916470033
32-33	33.357436522529596	16.255190793959052	16.054789992355843	34.33258269115551
34-35	34.5692588596564	16.221263175367252	15.804216117520125	33.40526184745622
36-37	34.4999791918099	15.870406592034625	15.504182446210828	34.12543176994465
38-39	33.77393555931425	16.174904466578962	16.09555430265823	33.95560567144856
40-41	34.11629606430734	16.502766468316107	15.454640359118907	33.92629710825765
42-43	34.84465093126477	15.412535777989794	15.109719168706185	34.633094122039246
44-45	34.09325143257617	15.917054870758957	16.084016984787898	33.905676711876986
46-47	34.27125174194606	16.443970817280103	15.720550864824986	33.564226575948844
48-49	34.65346534653465	15.588966304037811	15.560444933382229	34.19712341604531
50-51	34.25171309248672	16.02400356809796	15.882090581032315	33.84219275838301
52-53	34.73779933313125	16.202889764575122	15.267252702839244	33.79205819945438
54-55	34.42782439498966	15.594470793303335	15.292472333698164	34.685232478008835
56-57	34.75951067597549	15.591605772557958	15.554967534450121	34.093916017016426
58-59	35.043643574071424	15.484780964451438	15.384615384615385	34.08696007686175
60-61	35.14895189603137	15.139507668302295	14.77200402406225	34.93953641160408
62-63	34.48169223156853	15.782203529605807	15.538924624773214	34.197179614052445
64-65	34.90885793411317	15.934361178853388	15.316413838713677	33.84036704831976
66-67	35.15248131508664	14.75124738618248	14.968634189768329	35.127637108962546
68-69	35.127740979964614	15.330974616365655	15.267206977413913	34.274077426255815
70-71	35.234145145472375	15.115233736515203	15.135665250081725	34.514955867930695
72-73	35.744758654314964	15.00487567040468	14.537623923289452	34.7127417519909
74-75	34.9581188818246	15.622161671207992	15.113533151680292	34.30618629528711
76-77	35.05938528208009	15.464248455180163	14.804189069898083	34.672177192841666
78-79	35.32	14.642	14.544	35.494
80-81	34.544000000000004	15.184000000000001	15.394	34.878
82-83	34.94	15.4	14.597999999999999	35.062
84-85	35.42563199295451	14.785532715518105	14.365204859790637	35.423630431736754
86-87	34.74275098941927	15.218883773523947	14.796866165899361	35.24149907115742
88-89	34.85399224014703	15.003063099857055	14.376148662446395	35.76679599754952
90-91	35.426820490673904	14.742838340839452	14.19581713862669	35.63452402985995
92-93	35.078696244887844	15.088610732432766	14.592886355186515	35.23980666749287
94-95	35.05207584379301	15.07426200209536	14.246389613591075	35.62727254052056
96-97	35.29147890626593	14.283383969169913	13.855188304141263	36.569948820422894
98-99	34.999594747933216	14.945696223050737	14.009563948776139	36.04514508023991
100	35.71111917140209	13.126183855237175	11.191714020876153	39.97098295248458
>>END_MODULE
>>Per sequence GC content	fail
#GC Content	Count
0	0.0
1	0.0
2	0.0
3	0.5
4	1.5
5	4.0
6	10.5
7	19.5
8	24.5
9	28.5
10	39.0
11	37.0
12	35.0
13	35.5
14	30.0
15	22.5
16	14.5
17	15.0
18	10.0
19	12.0
20	13.0
21	10.5
22	15.0
23	15.5
24	17.0
25	16.0
26	14.5
27	15.0
28	15.5
29	15.5
30	13.5
31	16.0
32	18.0
33	25.5
34	27.5
35	23.0
36	20.0
37	18.0
38	25.5
39	28.0
40	24.5
41	25.0
42	34.0
43	39.0
44	45.5
45	50.5
46	53.0
47	64.5
48	75.5
49	86.5
50	97.0
51	113.5
52	123.5
53	126.5
54	141.5
55	196.0
56	261.0
57	303.5
58	359.0
59	423.0
60	508.0
61	601.0
62	701.0
63	827.0
64	953.0
65	1077.5
66	1136.0
67	1203.0
68	1269.5
69	1301.0
70	1332.5
71	1288.5
72	1246.5
73	1178.0
74	1056.0
75	963.0
76	863.0
77	725.0
78	594.0
79	517.0
80	457.0
81	380.5
82	307.5
83	253.0
84	202.0
85	160.5
86	121.5
87	96.5
88	86.0
89	66.0
90	48.0
91	33.5
92	26.5
93	25.0
94	20.5
95	9.5
96	6.0
97	6.0
98	4.5
99	3.0
100	2.0
>>END_MODULE
>>Per base N content	pass
#Base	N-Count
1	0.0
2	0.0
3	0.016
4	0.0
5	1.244
6	1.856
7	2.3640000000000003
8	2.532
9	2.8080000000000003
10-11	3.066
12-13	3.4299999999999997
14-15	3.186
16-17	2.768
18-19	2.71
20-21	2.314
22-23	1.796
24-25	1.37
26-27	1.204
28-29	1.8579999999999999
30-31	2.5260000000000002
32-33	3.1940000000000004
34-35	3.608
36-37	3.884
38-39	4.222
40-41	4.21
42-43	3.572
44-45	2.972
46-47	2.408
48-49	1.828
50-51	1.348
52-53	1.03
54-55	1.324
56-57	1.7420000000000002
58-59	2.162
60-61	2.5860000000000003
62-63	2.992
64-65	3.228
66-67	3.398
68-69	2.7720000000000002
70-71	2.112
72-73	1.552
74-75	0.91
76-77	0.312
78-79	0.0
80-81	0.0
82-83	0.0
84-85	0.078
86-87	0.9520000000000001
88-89	2.06
90-91	2.746
92-93	3.1719999999999997
94-95	2.642
96-97	1.9140000000000001
98-99	1.2959999999999998
100	0.748
>>END_MODULE
>>Sequence Length Distribution	pass
#Length	Count
100	25000.0
>>END_MODULE
>>Sequence Duplication Levels	pass
#Total Deduplicated Percentage	99.46000000000001
#Duplication Level	Percentage of deduplicated	Percentage of total
1	99.69434948723105	99.156
2	0.2091292982103358	0.416
3	0.03217373818620551	0.096
4	0.03217373818620551	0.128
5	0.012065151819827067	0.06
6	0.008043434546551377	0.048
7	0.004021717273275689	0.027999999999999997
8	0.004021717273275689	0.032
9	0.004021717273275689	0.036000000000000004
>10	0.0	0.0
>50	0.0	0.0
>100	0.0	0.0
>500	0.0	0.0
>1k	0.0	0.0
>5k	0.0	0.0
>10k+	0.0	0.0
>>END_MODULE
>>Overrepresented sequences	pass
>>END_MODULE
>>Adapter Content	pass
#Position	Illumina Universal Adapter	Illumina Small RNA 3' Adapter	Illumina Small RNA 5' Adapter	Nextera Transposase Sequence	SOLID Small RNA Adapter
1	0.004	0.0	0.0	0.0	0.0
2	0.004	0.0	0.0	0.0	0.0
3	0.016	0.0	0.0	0.0	0.0
4	0.016	0.0	0.0	0.0	0.0
5	0.02	0.0	0.0	0.0	0.0
6	0.02	0.0	0.0	0.0	0.0
7	0.02	0.0	0.0	0.0	0.0
8	0.024	0.0	0.0	0.0	0.0
9	0.028	0.0	0.0	0.0	0.0
10-11	0.03	0.0	0.0	0.0	0.0
12-13	0.034	0.0	0.0	0.0	0.0
14-15	0.036	0.0	0.0	0.0	0.0
16-17	0.036	0.0	0.0	0.0	0.0
18-19	0.036	0.0	0.0	0.0	0.0
20-21	0.036	0.0	0.0	0.0	0.0
22-23	0.036	0.0	0.0	0.0	0.0
24-25	0.036	0.0	0.0	0.0	0.0
26-27	0.036	0.0	0.0	0.0	0.0
28-29	0.036	0.0	0.0	0.0	0.0
30-31	0.036	0.0	0.0	0.0	0.0
32-33	0.036	0.0	0.0	0.0	0.0
34-35	0.036	0.0	0.0	0.0	0.0
36-37	0.036	0.0	0.0	0.0	0.0
38-39	0.036	0.0	0.0	0.0	0.0
40-41	0.036	0.0	0.0	0.0	0.0
42-43	0.036	0.0	0.0	0.0	0.0
44-45	0.036	0.0	0.0	0.0	0.0
46-47	0.036	0.0	0.0	0.0	0.0
48-49	0.036	0.0	0.0	0.0	0.0
50-51	0.036	0.0	0.0	0.0	0.0
52-53	0.036	0.0	0.0	0.0	0.0
54-55	0.04	0.0	0.0	0.0	0.0
56-57	0.044	0.0	0.0	0.0	0.0
58-59	0.044	0.0	0.0	0.0	0.0
60-61	0.044	0.0	0.0	0.0	0.0
62-63	0.054	0.0	0.0	0.0	0.0
64-65	0.057999999999999996	0.0	0.0	0.0	0.0
66-67	0.06	0.0	0.0	0.0	0.0
68-69	0.06	0.0	0.0	0.0	0.0
70-71	0.06	0.0	0.0	0.0	0.0
72-73	0.064	0.0	0.0	0.0	0.0
74-75	0.064	0.0	0.0	0.0	0.0
76-77	0.066	0.0	0.0	0.0	0.0
78-79	0.068	0.0	0.0	0.0	0.0
80-81	0.084	0.0	0.0	0.0	0.004
82-83	0.086	0.0	0.0	0.0	0.004
84-85	0.096	0.0	0.0	0.0	0.004
86-87	0.098	0.0	0.0	0.0	0.004
88-89	0.10400000000000001	0.0	0.0	0.0	0.006
>>END_MODULE
